XX	20	59993	0	0	0	2	0	3	0	3	0	5	0	7	0	0	0	1	0	5	0	6	0	2	0	2	0	3	0	2	0	5	0	0	0	2	0	4	0	3	0	5	0	2	0	5	0	5	0	4	0	5	0	0	0	1	0	5	0	0	0	3	0	2	0	4	0	6	0	0	0	5	0	2	0	4	0	2	0	5	0	6	0	4	0	2	0	2	0	3	0	5	0	1	0	1	0	2	0	1	0	3	0	3	0	2	0	4	0	2	0	4	0	5	0	5	0	2	0	2	0	3	0	3	0	2	0	2	0	2	0	3	0	1	0	3	0	4	0	3	0	1	0	3	0	1	0	6	0	2	0	2	0	1	0	7	0	4	0	4	0	5	0	3	0	3	0	1	0	6	0	0	0	7	0	3	0	2	0	2	0	5	0	2	0	1	0	3	0	1	0	7	0	2	0	9	0	2	0	2	0	9	0	4
XX	20	59994	0	0	0	2	0	3	0	3	0	5	0	7	0	0	0	1	0	5	0	6	0	2	0	2	0	3	0	2	0	5	0	0	0	2	0	4	0	3	0	5	0	2	0	5	0	5	0	4	0	5	0	0	0	2	0	5	0	0	0	3	0	2	0	4	0	6	0	0	0	5	0	2	0	4	0	3	0	5	0	6	0	4	0	2	0	2	0	4	0	5	0	1	0	2	0	2	0	1	0	3	0	3	0	3	0	4	0	2	0	4	0	4	0	5	0	2	0	2	0	4	0	3	0	2	0	2	0	2	0	3	0	2	0	3	0	4	0	3	0	1	0	3	0	1	0	6	0	2	0	2	0	1	0	7	0	4	0	5	0	5	0	3	0	4	0	1	0	6	0	1	0	7	0	3	0	2	0	2	0	5	0	2	0	1	0	3	0	1	0	6	0	2	0	9	0	2	0	2	0	10	0	4
XX	20	59995	0	0	0	3	0	3	0	4	0	5	0	7	0	0	0	1	0	5	0	6	0	2	0	2	0	3	0	2	0	5	0	0	0	2	0	4	0	3	0	5	0	2	0	6	0	6	0	4	0	5	0	0	0	2	0	6	0	0	0	3	0	2	0	4	0	6	0	0	0	5	0	2	0	4	0	3	0	5	0	6	0	4	0	2	0	2	0	4	0	5	0	1	0	2	0	2	0	1	0	3	0	3	0	3	0	4	0	2	0	4	0	5	0	5	0	2	0	2	0	4	0	3	0	2	0	2	0	2	0	3	0	2	0	3	0	4	0	3	0	1	0	3	0	1	0	6	0	2	0	2	0	1	0	7	0	5	0	5	0	5	0	3	0	4	0	1	0	6	0	2	0	7	0	4	0	2	0	2	0	5	0	2	0	1	0	3	0	1	0	7	0	2	0	10	0	2	0	2	0	10	0	4
XX	20	59996	0	0	0	3	0	3	0	4	0	5	0	7	0	0	0	1	0	4	0	6	0	3	0	2	0	4	0	2	0	5	0	0	0	2	0	4	0	3	0	5	0	2	0	6	0	6	0	4	0	5	0	0	0	2	0	6	0	0	0	3	0	2	0	4	0	6	0	0	0	5	0	2	0	4	0	3	0	5	0	6	0	4	0	2	0	2	0	4	0	5	0	1	0	2	0	2	0	1	0	2	0	3	0	4	0	4	0	2	0	4	0	5	0	5	0	3	0	2	0	4	0	3	0	2	0	2	0	2	0	3	0	2	0	3	0	4	0	3	0	1	0	3	0	1	0	6	0	2	0	2	0	1	0	7	0	5	0	5	0	5	0	4	0	4	0	1	0	6	0	2	0	7	0	4	0	2	0	2	0	5	0	2	0	1	0	3	0	1	0	8	0	2	0	10	0	2	0	2	0	10	0	4
XX	20	59997	0	0	0	3	0	3	0	4	0	5	0	7	0	0	0	1	0	5	0	6	0	3	0	2	0	4	0	2	0	5	0	0	0	2	0	4	0	3	0	5	0	2	0	6	0	6	0	4	0	5	0	0	0	2	0	6	0	0	0	3	0	2	0	4	0	6	0	0	0	5	0	2	0	4	0	3	0	5	0	6	0	4	0	2	0	2	0	4	0	5	0	1	0	4	0	2	0	1	0	3	0	3	0	5	0	4	0	2	0	4	0	5	0	5	0	3	0	2	0	4	0	3	0	2	0	2	0	2	0	3	0	2	0	3	0	4	0	3	0	1	0	3	0	1	0	6	0	2	0	2	0	1	0	7	0	5	0	5	0	5	0	4	0	4	0	1	0	6	0	2	0	7	0	4	0	2	0	2	0	5	0	2	0	1	0	3	0	1	0	8	0	1	0	10	0	2	0	2	0	10	0	4
XX	20	59998	0	1	0	3	0	3	0	4	0	5	0	7	0	1	0	1	0	5	0	6	0	3	0	2	0	4	0	2	0	5	0	0	0	2	0	4	0	3	0	5	0	2	0	6	0	6	0	4	0	5	0	0	0	2	0	6	0	1	0	3	0	2	0	4	0	6	0	0	0	5	0	2	0	4	0	3	0	5	0	6	0	4	0	2	0	3	0	4	0	5	0	1	0	4	0	3	0	2	0	3	0	3	0	5	0	4	0	2	0	4	0	5	0	5	0	3	0	2	0	4	0	3	0	2	0	2	0	2	0	3	0	2	0	3	0	4	0	4	0	1	0	3	0	1	0	6	0	2	0	2	0	1	0	7	0	5	0	5	0	5	0	4	0	4	0	1	0	6	0	2	0	7	0	4	0	2	0	2	0	5	0	2	0	1	0	3	0	1	0	8	0	2	0	10	0	2	0	2	0	10	0	4
XX	20	59999	0	1	0	3	0	3	0	4	0	5	0	7	0	1	0	1	0	5	0	6	0	3	0	2	0	4	0	2	0	5	0	0	0	2	0	4	0	3	0	5	0	2	0	6	0	6	0	4	0	5	0	0	0	2	0	6	0	1	0	3	0	2	0	4	0	6	0	0	0	5	0	3	0	4	0	3	0	5	0	6	0	4	0	2	0	3	0	4	0	5	0	1	0	4	0	3	0	2	0	4	0	3	0	5	0	4	0	2	0	4	0	5	0	5	0	3	0	2	0	4	0	3	0	2	0	2	0	2	0	3	0	2	0	3	0	4	0	4	0	1	0	3	0	1	0	6	0	2	0	2	0	1	0	7	0	5	0	5	0	5	0	4	0	4	0	1	0	6	0	2	0	7	0	4	0	2	0	2	0	5	0	2	0	1	0	3	0	1	0	8	0	1	0	10	0	2	0	2	0	10	0	5
XX	20	60000	0	1	0	3	0	3	0	4	0	5	0	7	0	1	0	1	0	5	0	6	0	3	0	2	0	4	0	2	0	5	0	0	0	2	0	4	0	3	0	5	0	2	0	6	0	6	0	4	0	5	0	0	0	2	0	6	0	1	0	3	0	2	0	4	0	6	0	0	0	5	0	3	0	4	0	3	0	5	0	6	0	5	0	2	0	3	0	4	0	5	0	1	0	4	0	3	0	2	0	5	0	3	0	5	0	4	0	2	0	4	0	5	0	5	0	3	0	2	0	5	0	3	0	2	0	2	0	2	0	3	0	2	0	3	0	4	0	4	0	1	0	3	0	1	0	6	0	2	0	2	0	1	0	7	0	5	0	5	0	5	0	4	0	4	0	1	0	6	0	2	0	7	0	5	0	2	0	2	0	5	0	2	0	1	0	2	0	1	0	8	0	2	0	11	0	2	0	2	0	10	0	5
XX	20	60010	0	0	3	0	3	0	4	0	7	0	7	0	3	0	2	0	6	0	7	0	3	0	3	0	4	0	4	0	5	0	2	0	2	0	4	0	4	0	6	0	3	0	6	0	6	0	3	0	6	0	0	1	3	0	7	0	1	0	5	0	3	0	5	0	7	0	3	0	6	0	4	0	4	0	2	0	5	0	8	0	9	0	2	0	4	0	6	0	5	0	2	0	4	0	3	0	3	0	5	0	2	0	5	0	4	0	2	0	4	0	5	0	6	0	5	0	2	0	6	0	4	0	3	0	2	0	3	0	5	0	3	0	4	0	4	0	4	0	1	0	3	0	1	0	6	0	3	0	2	0	2	0	8	0	5	0	6	0	8	0	5	0	4	0	2	0	6	0	3	0	8	0	5	0	2	0	3	0	5	0	5	0	2	0	2	0	2	0	7	0	1	0	11	0	3	0	4	0	10	0	5	0
XX	20	60011	1	0	3	0	3	0	4	0	7	0	8	0	3	0	2	0	5	0	6	0	3	0	3	0	4	0	4	0	3	2	2	0	3	0	4	0	4	0	5	0	3	0	6	0	6	0	3	0	6	0	0	0	3	0	6	0	1	0	5	0	3	0	5	0	7	0	3	0	6	0	4	0	4	0	1	0	5	0	8	0	10	0	2	0	4	0	4	0	5	0	3	0	3	0	2	0	3	0	5	0	3	0	6	0	3	0	2	0	4	0	4	1	5	0	5	0	2	0	6	0	4	0	3	0	1	0	3	0	5	0	3	0	4	0	4	0	4	0	1	0	3	0	2	0	6	0	3	0	2	0	3	0	8	0	5	0	6	0	8	0	5	0	4	0	2	0	7	0	3	0	8	0	5	0	2	0	3	0	5	0	5	0	2	0	2	0	2	0	8	0	1	0	10	0	3	0	4	0	10	0	4	0
XX	20	60017	0	0	3	0	3	0	5	0	7	0	8	0	3	0	2	0	8	0	9	0	3	0	3	0	4	0	5	0	5	0	2	0	3	0	5	0	5	0	5	0	4	0	6	0	4	0	5	0	7	0	1	0	3	0	6	0	2	0	5	0	2	0	5	0	7	0	4	0	5	0	4	0	5	0	2	0	5	0	7	0	11	0	1	0	5	0	6	0	5	0	3	0	4	0	3	0	3	0	5	0	3	1	6	0	4	0	3	0	4	0	5	0	6	0	5	0	4	0	7	0	4	0	5	0	2	0	3	0	6	0	3	0	4	0	4	0	4	0	2	0	3	0	2	0	7	0	3	0	3	0	3	0	8	0	6	0	6	0	7	0	6	0	5	0	4	0	6	0	3	0	7	0	7	0	2	0	2	0	5	0	5	0	3	0	4	0	2	0	8	0	2	0	12	0	3	0	4	0	9	0	6	0
XX	20	60026	2	0	3	0	7	0	5	0	6	0	7	0	4	0	1	0	6	0	9	0	4	0	2	0	5	0	5	0	5	0	2	0	3	0	6	0	6	0	5	0	4	0	6	0	5	0	3	0	6	0	2	0	4	0	6	0	2	0	4	0	2	0	4	0	6	0	4	0	5	0	4	0	4	0	1	0	6	0	6	0	10	0	2	0	5	0	7	0	5	0	2	0	4	0	2	0	4	0	5	0	4	0	5	0	5	0	3	0	3	0	5	0	5	0	5	0	4	0	9	0	3	0	5	0	1	0	3	0	7	0	4	0	4	0	4	0	4	0	2	0	3	0	2	0	7	0	2	0	2	0	2	1	8	0	4	0	6	0	8	0	6	0	5	0	4	0	4	0	3	0	9	0	6	0	1	0	2	0	8	0	5	0	5	0	5	0	2	0	8	0	2	0	14	0	5	0	6	0	11	0	4	0
XX	20	60027	2	0	3	0	8	0	5	0	6	0	7	0	4	0	1	0	6	0	9	0	5	0	2	0	5	0	5	0	6	0	2	0	3	0	6	0	6	0	5	0	4	0	6	0	5	0	5	0	7	0	2	0	4	0	5	0	2	0	5	0	2	0	5	0	6	0	4	0	5	0	3	0	4	0	0	0	6	0	7	0	9	0	2	0	5	0	6	1	5	0	3	0	4	0	3	0	3	1	5	0	4	0	5	0	5	0	3	0	3	0	5	0	6	0	6	0	4	0	9	0	4	0	5	0	1	0	4	0	6	0	4	0	4	0	4	0	4	0	2	0	3	0	2	0	6	0	1	0	2	0	2	0	8	0	4	0	6	0	7	0	6	0	5	0	4	0	4	0	3	0	9	0	8	0	1	0	2	0	8	0	5	0	5	0	5	0	2	0	9	0	2	0	13	0	5	0	6	0	11	0	6	0
XX	20	60029	2	0	3	0	7	0	5	0	7	0	6	0	4	0	1	0	6	0	9	0	5	0	2	0	5	0	5	0	5	0	2	0	3	0	6	0	6	0	5	0	4	0	6	0	5	0	5	0	7	0	1	0	4	0	6	0	2	0	5	0	2	0	6	0	6	0	5	0	5	0	4	0	4	0	1	0	6	0	7	0	9	0	2	0	5	0	7	0	5	0	4	0	4	0	3	0	4	0	6	0	5	0	5	0	5	0	3	0	3	0	4	0	6	0	5	0	4	0	9	0	3	0	5	0	1	0	4	0	7	0	4	0	4	0	4	0	5	0	2	0	3	0	2	0	7	0	2	0	2	0	3	0	8	0	4	0	6	0	8	0	7	0	5	0	4	0	4	0	3	0	9	0	8	0	1	0	2	0	8	0	7	0	8	0	5	0	2	0	10	0	2	0	13	0	5	0	5	1	11	0	6	0
XX	20	60030	2	0	3	0	8	0	5	0	7	0	5	0	4	0	1	0	6	0	9	0	5	0	2	0	5	0	5	0	4	0	2	0	3	0	6	0	6	0	5	0	4	0	6	0	4	0	5	0	6	0	0	0	4	0	6	0	2	0	5	0	2	0	6	0	6	0	5	0	5	0	5	0	4	0	2	0	6	0	7	0	9	0	2	0	5	0	7	0	5	0	4	0	4	0	3	0	4	0	6	0	5	0	5	0	5	0	3	0	4	0	4	0	6	0	5	0	4	0	9	0	3	0	5	0	2	0	4	0	7	0	4	0	4	0	5	0	5	0	2	0	3	0	2	0	7	0	0	0	2	0	3	0	8	0	4	0	6	0	7	0	7	0	5	0	4	0	4	0	3	0	10	0	7	1	1	0	1	0	8	0	6	0	7	0	5	0	2	0	10	0	2	0	13	0	5	0	6	0	11	0	6	0
XX	20	60034	2	0	3	0	9	0	4	0	7	0	5	0	5	0	1	0	5	0	9	0	6	0	2	0	5	0	5	0	3	0	2	0	3	0	6	0	7	0	4	0	4	0	6	0	4	0	5	0	4	0	2	0	4	0	4	0	2	0	4	0	2	0	5	0	6	0	5	0	5	0	4	0	5	0	1	0	6	0	6	0	9	0	2	0	5	0	6	0	4	0	3	0	5	0	3	0	4	0	7	0	5	0	5	0	7	0	3	0	4	0	4	0	4	1	6	0	4	0	8	0	4	0	4	0	2	0	4	0	7	0	3	0	4	0	5	0	5	0	2	0	3	0	2	0	8	0	1	0	2	0	4	0	9	0	4	0	6	0	8	0	6	0	3	0	4	0	5	0	4	0	9	0	9	0	0	0	2	0	7	0	7	0	9	0	5	0	2	0	12	0	2	0	14	0	5	0	6	0	10	0	6	0
XX	20	60036	1	0	3	0	9	0	4	0	7	0	5	0	5	0	2	0	6	0	9	0	6	0	2	0	5	0	5	0	4	0	2	0	4	0	6	0	7	0	4	0	4	0	6	0	4	0	5	0	6	0	1	0	4	0	4	0	2	0	3	1	2	0	6	0	6	0	5	0	5	0	4	0	5	0	2	0	6	0	6	0	9	0	2	0	5	0	7	0	5	0	3	0	4	0	4	0	4	0	7	0	5	0	5	0	7	0	3	0	4	0	4	0	6	0	6	0	5	0	8	0	3	1	4	0	2	0	4	0	7	0	3	0	3	0	5	0	6	0	2	0	3	0	2	0	8	0	0	0	2	0	4	0	9	0	4	0	6	0	8	0	5	0	5	0	4	0	5	0	4	0	10	0	9	0	0	0	2	0	6	0	8	0	9	0	5	0	2	0	12	0	2	0	14	0	4	0	6	0	10	0	6	0
XX	20	60044	2	0	3	0	9	0	4	0	5	0	4	0	5	0	3	0	5	0	7	0	5	0	3	0	5	0	5	0	5	0	3	0	7	0	7	0	6	0	3	0	4	0	6	0	7	0	6	0	4	0	3	0	4	0	4	0	3	0	4	0	2	0	4	0	5	0	6	0	6	0	3	0	6	0	1	0	6	0	7	0	8	0	4	0	5	0	5	0	6	0	4	0	5	0	4	0	4	0	6	0	4	0	5	0	7	0	4	0	4	0	4	0	5	0	9	0	5	0	8	0	4	0	4	0	2	0	5	0	6	0	3	0	2	0	3	0	6	0	2	0	2	0	3	0	7	0	1	0	2	0	4	0	7	0	4	0	7	0	8	0	6	0	6	0	4	0	4	0	4	0	9	0	10	0	0	0	2	0	5	0	8	0	11	1	6	0	4	0	11	0	2	0	13	0	4	0	5	0	9	0	9	0
XX	20	60045	2	0	3	0	9	0	4	0	5	0	4	0	5	0	3	0	4	0	8	0	4	0	3	0	5	0	5	0	5	0	3	0	7	0	7	0	6	0	2	0	4	0	7	0	7	0	6	0	6	0	3	0	3	0	6	0	3	0	4	0	2	0	5	0	5	0	6	0	6	0	3	0	6	0	0	0	6	0	7	0	8	0	4	0	5	0	5	0	7	0	4	0	5	0	4	0	4	0	7	0	5	0	5	0	7	0	4	0	4	0	4	0	6	0	9	0	5	0	8	0	4	0	4	0	2	0	5	0	6	0	3	0	2	0	3	0	6	0	2	0	3	0	3	0	7	0	1	0	2	0	5	0	8	0	4	0	7	0	8	0	6	0	6	0	4	0	5	0	5	0	9	0	10	0	0	0	2	0	5	0	7	1	12	0	6	0	4	0	13	0	2	0	14	0	4	0	5	0	9	0	10	0
XX	20	60054	3	0	2	0	8	0	4	0	3	0	4	0	5	0	4	0	3	0	6	0	3	0	2	0	6	0	5	0	5	0	3	0	6	0	6	0	6	0	2	0	3	0	3	0	6	0	5	0	3	0	4	0	3	0	5	0	3	0	3	0	3	0	4	0	4	0	6	0	6	0	4	0	6	0	1	0	6	0	8	0	9	0	3	0	5	0	4	0	3	0	3	0	5	0	5	0	4	0	6	0	6	0	3	0	10	0	6	0	3	0	2	0	5	2	9	0	5	0	8	0	3	1	3	0	3	0	4	0	6	0	4	0	2	0	1	0	5	0	1	0	3	0	4	0	6	0	2	0	1	0	6	0	8	0	3	0	5	0	5	0	5	0	5	0	4	0	3	0	6	0	9	0	10	0	0	0	4	0	5	0	6	0	11	0	4	0	3	0	11	0	2	0	12	0	5	0	5	0	8	0	10	0
XX	20	60055	3	1	2	0	9	0	4	0	3	0	4	0	5	0	5	0	4	0	8	0	4	0	2	0	7	0	5	0	5	0	3	0	7	0	6	0	6	0	2	0	3	0	7	0	6	0	3	0	4	0	5	0	3	0	5	0	3	0	4	0	3	0	5	0	4	0	6	0	6	0	4	0	6	0	1	0	6	0	9	0	9	0	4	0	5	0	5	0	4	0	4	0	6	0	4	0	4	0	7	0	6	0	4	0	10	0	6	0	4	0	4	0	7	0	10	0	6	0	8	0	3	0	4	0	3	0	4	0	6	0	4	0	2	0	1	0	6	0	2	0	3	0	4	0	7	0	2	0	2	0	6	0	10	0	4	0	8	0	7	0	5	0	6	0	4	0	3	0	5	0	9	0	10	0	0	0	4	0	6	0	8	0	12	0	4	0	5	0	14	0	2	0	12	0	5	0	5	0	9	0	11	0
XX	20	60057	4	0	3	0	10	0	4	0	3	0	5	0	5	0	5	0	4	0	8	0	4	0	3	0	7	0	6	0	4	0	3	0	6	0	6	0	6	0	2	0	4	0	8	0	6	1	5	0	4	0	5	0	3	0	5	0	3	0	3	0	3	0	4	0	4	0	6	0	6	0	4	0	7	0	1	0	6	0	9	0	9	0	4	0	4	0	5	0	4	0	3	0	6	0	5	0	4	0	8	0	7	0	4	0	10	0	6	0	4	0	3	0	8	0	10	0	6	0	8	0	4	0	4	0	3	0	4	0	6	0	4	0	2	0	1	0	6	0	2	0	3	0	4	0	7	0	3	0	2	0	6	0	8	0	5	0	8	0	8	0	6	0	6	0	4	0	3	0	6	0	10	0	10	0	0	0	4	0	8	0	8	0	12	0	5	0	5	0	15	0	2	0	12	0	5	0	5	0	9	0	12	0
XX	20	60059	2	1	3	0	10	0	4	0	4	0	4	0	5	0	5	0	4	0	7	0	4	0	3	0	7	0	6	0	4	0	3	0	6	0	5	0	5	0	2	0	5	0	6	0	7	0	5	0	5	0	5	0	3	0	5	0	2	1	4	0	3	0	4	0	4	0	7	0	6	0	4	0	7	0	1	0	6	0	9	0	9	0	4	0	5	0	5	0	4	0	3	0	6	0	5	0	4	0	7	0	6	0	5	0	9	0	5	0	3	0	3	0	8	0	9	0	6	0	8	0	4	0	5	0	3	0	3	0	8	0	4	0	2	0	2	0	5	0	1	0	3	0	4	0	6	0	3	0	2	0	7	0	8	0	5	0	7	0	6	0	6	0	5	0	4	0	3	0	6	0	10	0	10	0	1	0	4	0	8	0	8	0	12	0	5	0	4	0	15	0	1	0	10	0	5	0	5	0	9	0	13	0
XX	20	60060	4	0	3	0	10	0	5	0	5	0	4	0	6	0	5	0	4	0	7	0	4	0	3	0	7	0	6	0	4	0	3	0	7	0	5	0	5	0	2	0	5	0	7	0	5	0	6	0	4	1	5	0	3	0	5	0	3	0	4	0	3	0	4	0	4	0	7	0	6	0	4	0	5	0	1	0	6	0	8	0	9	0	4	0	5	0	5	0	4	0	3	0	5	0	6	0	4	0	8	0	6	0	4	0	9	0	5	0	3	0	3	0	8	0	9	0	5	0	8	0	4	0	5	0	3	0	4	0	8	0	3	0	2	0	2	0	5	0	2	0	2	0	4	0	6	0	3	0	2	0	7	0	8	0	5	0	7	0	8	0	6	0	5	0	4	0	4	0	6	0	9	0	10	0	1	0	4	0	8	0	7	0	12	0	5	0	2	0	13	0	1	0	10	0	5	0	5	0	8	0	13	0
XX	20	60064	4	0	3	0	10	0	5	0	5	0	4	0	6	0	5	0	4	0	7	0	5	0	3	0	6	0	7	0	4	0	4	0	9	0	5	0	5	0	2	0	6	0	4	0	9	0	7	0	4	0	5	0	4	0	5	0	3	0	4	0	3	0	6	0	5	0	6	0	6	0	4	0	5	0	1	0	6	0	10	0	9	0	5	0	7	0	8	0	4	0	5	0	6	0	7	0	4	0	7	0	6	0	5	0	9	0	5	0	4	0	3	0	7	0	9	0	6	0	10	0	5	0	4	0	3	0	4	0	8	0	5	0	2	0	2	0	6	0	1	0	3	0	4	0	6	0	3	0	3	0	7	0	8	0	5	0	8	0	7	0	6	0	5	0	3	0	4	0	7	0	11	0	10	0	1	0	4	0	10	0	7	0	12	0	6	0	4	0	13	1	1	0	10	0	5	0	6	0	8	0	13	0
XX	20	60065	4	0	3	0	10	0	5	0	5	0	4	0	6	0	5	0	3	0	7	0	5	0	3	0	8	0	7	0	4	0	3	0	9	0	6	0	5	0	1	0	6	0	6	0	8	0	5	0	5	0	6	0	3	0	5	0	3	0	3	0	3	0	6	0	4	0	7	0	6	0	4	0	5	0	1	0	6	0	10	0	8	0	4	0	6	0	7	0	4	0	5	0	5	0	6	0	4	0	7	0	5	0	5	0	7	0	5	0	4	0	3	0	7	0	9	0	7	0	10	0	5	0	4	0	3	0	5	0	8	0	4	0	2	0	2	0	5	0	1	0	3	0	4	0	6	0	4	0	2	0	7	0	8	0	5	0	8	0	7	0	6	0	5	0	3	0	3	0	8	0	11	0	10	0	1	0	4	0	10	0	8	0	12	0	6	1	4	0	15	0	1	0	9	0	5	0	6	0	7	0	13	0
XX	20	60066	4	0	3	0	10	0	5	0	5	0	4	0	6	0	5	0	3	0	7	0	5	0	3	0	8	0	7	0	4	0	4	0	8	0	5	1	6	0	1	0	6	0	5	0	8	0	7	0	4	0	5	0	5	0	5	0	3	0	4	0	3	0	7	0	5	0	7	0	6	0	4	0	6	0	1	0	7	0	10	0	9	0	4	0	7	0	6	0	4	0	4	1	6	0	7	0	4	0	8	0	6	0	6	0	10	0	5	0	4	0	3	0	7	0	9	0	7	0	10	0	5	0	4	0	3	0	5	0	8	0	5	0	2	0	2	0	5	0	1	0	3	0	4	0	6	0	4	0	3	0	7	0	8	0	5	0	7	0	7	0	6	0	6	0	3	0	3	0	8	0	10	0	10	0	1	0	4	0	10	0	8	0	12	0	7	0	4	0	15	0	1	0	10	0	5	0	6	0	8	0	14	0
XX	20	60067	4	0	3	0	9	0	5	0	5	0	4	0	6	0	5	0	3	0	8	0	5	0	3	0	8	0	7	0	4	0	4	0	8	0	6	0	6	0	1	0	6	0	5	0	8	0	6	0	3	1	6	0	5	0	5	0	3	0	4	0	3	0	7	0	5	0	7	0	6	0	4	0	7	0	1	0	7	0	10	0	9	0	4	0	7	0	7	0	4	0	5	0	6	0	7	0	4	0	7	0	6	0	6	0	10	0	5	0	3	0	3	0	7	0	9	0	7	0	10	0	4	0	4	0	3	0	6	0	8	0	5	0	2	0	2	0	5	0	1	0	3	0	4	0	6	0	4	0	3	0	7	0	8	0	5	0	8	0	7	0	6	0	6	0	3	0	3	0	8	0	9	0	10	0	1	0	4	0	9	0	8	0	12	0	7	0	5	0	15	0	1	0	10	0	5	0	6	0	8	0	14	0
XX	20	60068	4	0	3	0	9	0	5	0	5	0	3	0	6	0	5	0	3	0	7	0	5	0	3	0	7	0	7	0	4	0	4	0	9	0	6	0	6	0	0	0	6	0	5	0	8	0	6	0	4	1	6	0	5	0	5	0	3	0	3	0	3	0	7	0	4	0	7	0	6	0	4	0	7	0	1	0	7	0	10	0	9	0	4	0	7	0	8	0	4	0	4	1	5	0	7	0	4	0	8	0	6	0	5	0	9	0	5	0	4	0	3	0	7	0	9	0	7	0	10	0	5	0	4	0	3	0	6	0	8	0	5	0	2	0	2	0	5	0	1	0	3	0	4	0	6	0	5	0	3	0	7	0	7	0	5	0	8	0	8	0	6	0	6	0	3	0	3	0	8	0	10	0	11	0	1	0	4	0	10	0	8	0	12	0	7	0	5	0	13	0	1	0	11	0	4	0	6	0	9	0	14	0
XX	20	60071	4	0	3	0	9	0	5	0	5	0	2	0	6	0	5	0	3	0	5	0	4	0	3	0	7	0	7	0	3	0	3	0	8	0	5	0	6	0	0	0	6	0	5	0	5	0	7	0	4	0	6	0	3	0	5	0	2	0	5	0	3	0	7	0	3	0	7	0	5	0	4	0	4	1	0	0	8	0	10	0	9	0	4	0	6	0	5	0	5	0	5	0	6	0	7	0	4	0	7	0	5	0	5	0	8	0	5	0	3	0	3	0	7	0	9	0	7	0	7	0	5	0	4	0	3	0	6	0	8	0	5	0	2	0	3	0	5	0	1	0	4	0	4	0	7	0	5	0	2	0	7	0	7	0	6	0	8	0	7	0	7	0	6	0	3	0	3	0	7	0	8	0	11	0	1	0	5	0	8	0	7	0	12	0	8	0	3	0	11	2	1	0	11	0	6	0	6	0	10	0	10	0
XX	20	60073	2	0	3	0	9	0	5	0	5	0	3	0	6	0	5	0	3	0	7	0	5	0	4	0	7	0	7	0	3	0	4	0	9	0	7	0	6	0	1	0	7	0	5	0	8	0	9	0	4	0	6	0	5	0	5	0	3	0	5	0	4	0	8	0	3	0	7	0	5	0	4	0	8	0	0	0	9	0	11	0	8	0	5	0	7	0	8	0	5	1	6	0	7	0	7	0	4	0	9	0	6	0	5	0	10	0	5	0	4	0	3	0	8	0	9	0	7	0	9	0	6	0	4	0	3	0	6	0	8	0	5	0	2	0	3	0	5	0	1	0	4	0	4	0	6	0	6	0	2	0	7	0	7	0	7	0	9	0	7	0	8	0	5	0	3	0	3	0	8	0	8	0	11	0	1	0	5	0	10	0	7	0	12	0	8	0	4	0	13	0	1	0	9	0	6	0	6	0	10	0	14	0
XX	20	60075	4	0	3	0	9	0	4	1	5	0	3	0	6	0	5	0	3	0	6	0	6	0	4	0	7	1	7	0	3	0	4	0	9	0	6	1	5	0	1	0	8	0	5	0	8	0	8	0	5	0	7	0	4	0	5	0	3	0	6	0	5	0	8	0	3	0	7	0	5	0	4	0	8	0	1	0	7	0	11	0	9	0	5	0	6	0	7	0	5	0	7	0	7	0	7	0	4	0	9	0	6	0	5	1	10	0	5	0	4	0	2	0	8	0	9	0	7	0	8	0	4	0	4	0	3	0	6	0	8	0	5	0	2	0	3	0	5	0	1	0	4	0	4	0	6	0	6	0	3	0	7	0	8	0	7	0	9	0	8	0	8	0	5	0	3	0	3	0	8	0	10	0	12	0	1	0	5	0	9	0	7	0	12	0	7	0	6	0	14	0	1	0	9	0	6	0	7	0	11	0	13	0
XX	20	60078	4	0	3	0	9	0	5	0	5	0	3	0	6	0	6	0	3	0	5	0	6	0	5	0	8	0	7	0	4	0	4	0	9	0	7	0	5	0	2	0	8	0	4	0	8	0	6	0	4	1	7	0	5	0	5	0	3	0	6	0	5	0	7	0	2	0	7	0	5	0	4	0	8	0	1	0	6	0	11	0	10	0	6	0	6	0	8	0	5	0	6	0	7	0	6	0	4	0	8	0	6	0	6	0	11	0	5	0	4	0	1	0	7	0	10	0	7	0	8	0	6	0	4	0	3	0	6	0	9	0	5	0	2	0	4	0	5	0	2	0	4	0	5	0	6	0	5	0	4	0	6	0	9	0	7	0	9	0	7	0	8	0	5	0	3	0	3	0	8	0	10	0	12	0	1	0	5	0	9	0	7	0	12	0	7	0	6	0	15	0	1	0	11	0	8	0	7	0	10	0	13	0
XX	20	60080	4	0	3	0	10	0	4	0	5	0	3	0	6	0	6	0	3	0	5	0	6	0	5	0	6	0	7	0	4	0	4	0	9	0	7	0	6	0	2	0	8	0	3	0	7	0	8	0	5	0	7	0	5	0	5	0	3	0	5	1	5	0	9	0	3	0	6	0	5	0	4	0	9	0	1	0	6	0	11	0	11	0	6	0	6	0	9	0	5	0	7	0	6	0	6	0	4	0	8	0	6	0	6	0	11	0	5	0	4	0	1	0	7	0	10	0	7	0	8	0	6	0	4	0	2	0	6	0	9	0	7	0	2	0	4	0	5	0	3	0	4	0	5	0	6	0	6	0	4	0	6	0	9	0	7	0	9	0	8	0	8	0	5	0	4	0	3	0	8	0	11	0	12	0	1	0	5	0	9	0	7	0	14	0	8	0	5	0	13	0	1	0	10	0	8	0	7	0	9	0	14	0
XX	20	60082	4	0	3	0	10	0	4	0	5	0	3	0	6	0	6	0	3	0	5	0	6	0	5	0	5	1	6	0	4	0	4	0	9	1	4	0	6	0	2	0	9	0	2	0	7	0	9	0	4	0	7	0	5	1	5	0	3	0	4	0	5	0	6	0	3	0	7	0	5	0	4	0	9	0	1	0	6	0	11	0	10	0	6	0	5	0	9	0	7	0	5	1	5	0	6	0	4	0	8	0	6	0	5	0	10	0	5	0	4	0	0	0	7	0	10	0	7	0	8	0	6	0	3	0	2	0	7	0	8	0	7	0	2	0	4	0	5	0	3	0	3	0	4	0	7	0	6	0	4	0	6	0	9	0	7	0	8	0	7	0	8	0	5	0	4	0	3	0	8	0	11	0	12	0	1	0	6	0	9	0	7	0	14	0	8	0	6	0	15	0	1	0	10	0	9	0	7	0	8	0	12	0
XX	20	60094	4	0	3	0	10	0	4	0	6	0	4	0	5	0	7	0	4	0	5	0	9	0	5	0	5	0	7	0	5	0	5	0	10	0	6	0	4	0	2	0	8	0	3	0	8	0	10	0	3	0	8	0	5	0	6	0	4	0	6	0	5	0	9	0	4	0	7	0	7	0	4	0	10	0	2	0	6	0	11	0	9	0	7	0	6	0	9	0	8	0	7	0	5	0	6	0	5	0	8	0	5	0	4	0	11	0	5	0	4	0	1	0	7	0	12	0	6	0	8	0	6	0	5	0	5	0	5	1	9	0	6	0	4	0	4	0	8	0	5	0	3	0	6	0	7	0	7	0	4	0	6	0	8	0	8	0	9	0	5	0	8	0	5	0	3	0	5	0	7	0	11	0	12	0	1	0	6	0	10	0	7	0	14	0	9	0	5	0	16	0	1	0	8	0	9	0	8	0	6	0	14	0
XX	20	60095	4	0	2	0	10	0	3	0	6	0	4	0	6	0	7	0	5	0	5	0	9	0	5	0	5	0	7	0	5	0	5	0	11	0	6	0	5	0	2	0	8	0	3	0	7	0	8	1	4	0	7	0	5	0	6	0	5	0	6	0	5	0	8	0	4	0	7	0	8	0	4	0	10	0	2	0	6	0	11	0	10	0	7	0	6	0	9	0	7	0	7	0	5	0	6	0	5	0	9	0	6	0	4	0	11	0	5	0	4	0	1	0	7	0	12	0	7	0	8	0	7	0	5	0	5	0	6	0	9	0	6	0	4	0	4	0	8	0	6	0	3	0	7	0	7	0	7	0	4	0	6	0	8	0	7	0	9	0	6	0	8	0	5	0	4	0	6	0	6	0	11	0	11	0	1	0	6	0	11	0	7	0	14	0	9	0	6	0	17	0	1	0	9	0	9	0	8	0	6	0	14	0
XX	20	60098	4	0	2	0	10	0	3	0	6	0	4	0	6	0	7	0	5	0	5	0	7	0	6	0	5	0	7	0	4	0	5	0	10	0	7	0	7	0	2	0	8	0	3	0	7	0	10	0	3	0	8	0	5	0	5	0	6	0	6	0	6	0	8	0	4	0	7	0	6	0	3	0	9	0	2	0	6	0	10	0	9	0	9	0	7	0	9	0	7	0	7	0	5	0	5	0	4	0	8	0	6	0	1	0	10	0	5	0	4	0	1	0	7	0	11	0	6	0	7	0	6	1	5	0	7	0	6	0	9	0	6	0	3	0	4	0	6	0	6	0	3	0	6	0	7	0	7	0	4	0	6	0	8	0	7	0	9	0	5	0	7	0	5	0	4	0	6	0	5	0	11	0	10	0	1	0	6	0	11	0	8	0	13	0	9	0	6	0	16	0	1	0	9	0	8	0	9	0	6	0	12	0
XX	20	60099	5	0	2	0	10	0	3	0	6	0	4	0	6	0	7	0	5	0	5	0	9	0	6	0	5	0	6	0	5	0	5	0	11	0	7	0	7	0	2	0	8	0	3	0	7	0	10	0	5	0	7	0	5	0	6	0	5	0	6	0	6	0	9	0	4	0	7	0	7	0	3	0	10	0	2	0	6	0	10	0	9	1	9	0	7	0	9	0	7	0	7	0	5	0	5	0	4	0	8	0	6	0	2	0	11	0	5	0	4	0	1	0	7	0	11	0	7	0	8	0	6	0	5	0	7	0	5	0	9	0	6	0	4	0	4	0	7	0	6	0	3	0	7	0	7	0	7	0	5	0	6	0	8	0	7	0	9	0	5	0	7	0	5	0	4	0	6	0	5	0	11	0	11	0	1	0	6	0	11	0	8	0	14	0	9	0	4	0	15	0	1	0	10	0	9	0	9	0	6	0	12	0
XX	20	60100	5	0	2	0	10	0	3	0	6	0	4	0	6	0	7	0	5	0	4	0	8	0	6	0	5	0	7	0	5	0	5	0	9	0	7	0	7	0	0	1	8	0	3	0	8	0	7	0	5	0	8	0	5	0	5	0	6	0	6	0	5	0	8	0	4	0	6	0	7	0	3	0	9	0	2	0	6	0	10	0	8	0	10	0	6	0	9	0	7	0	6	0	5	0	5	0	3	0	7	0	6	0	3	0	12	0	5	0	4	0	1	0	6	0	12	0	7	0	4	0	7	0	4	0	7	0	5	0	9	0	6	0	3	0	4	0	5	0	6	0	3	0	7	0	7	0	7	0	2	0	5	0	8	0	7	0	8	0	6	0	6	0	5	0	4	0	5	0	6	0	10	0	8	1	1	0	5	0	11	0	7	0	13	0	8	0	4	0	13	0	2	0	7	0	8	0	9	0	6	0	11	0
XX	20	60106	5	0	3	0	11	0	4	0	6	0	4	0	5	0	6	0	4	0	5	0	9	0	5	0	6	0	6	0	5	0	4	0	11	0	7	0	8	0	2	0	7	0	3	0	7	0	9	0	8	0	7	0	5	0	7	0	5	0	6	0	6	0	10	0	5	0	5	0	8	0	3	0	12	0	1	0	6	0	10	0	6	0	10	0	7	0	8	0	8	0	9	0	5	0	7	0	3	0	8	0	5	0	3	0	12	0	7	0	4	0	1	0	7	0	12	0	8	0	5	0	7	0	5	0	7	0	6	0	8	0	6	0	3	0	4	0	9	0	6	0	5	0	7	0	8	0	6	0	5	0	5	0	8	0	7	0	8	0	5	0	6	0	5	0	5	0	7	0	7	0	11	0	12	0	1	0	6	0	12	0	6	0	14	0	9	0	5	1	18	0	2	0	8	0	11	0	10	0	6	0	11	0
XX	20	60109	5	0	3	0	12	0	4	0	6	0	4	0	4	1	7	0	4	0	5	0	8	0	5	0	7	0	6	0	5	0	4	0	11	0	7	0	8	0	3	0	7	0	2	0	8	0	9	0	8	0	7	0	4	0	6	0	6	0	6	0	6	0	10	0	5	0	5	0	8	0	3	0	12	0	2	0	7	0	10	0	6	0	11	0	7	0	7	0	8	0	9	0	6	0	7	0	3	0	8	0	6	0	3	0	14	0	8	0	4	0	2	0	8	0	9	0	8	0	5	0	7	0	5	0	7	0	7	0	8	0	6	0	3	0	4	0	9	0	6	0	5	0	7	0	8	0	6	0	4	0	5	0	8	0	8	0	7	1	4	0	6	0	6	0	5	0	6	0	5	0	11	0	12	0	1	0	7	0	12	0	7	0	14	0	9	0	6	0	16	0	2	0	8	0	10	0	9	0	6	0	13	0
XX	20	60114	6	0	5	0	12	0	5	0	7	0	3	0	6	0	9	0	2	0	5	0	9	0	5	0	7	0	6	0	5	0	4	0	10	0	6	0	7	0	3	0	7	0	3	0	9	0	12	0	7	0	7	0	4	0	9	0	6	0	6	0	6	0	9	0	5	0	3	0	7	0	3	0	11	0	2	0	8	0	10	0	6	0	11	0	6	0	8	0	7	0	10	0	7	0	8	0	3	0	8	0	4	0	1	1	15	0	7	0	5	0	2	0	8	0	11	0	8	0	5	0	6	0	4	0	7	0	7	0	7	0	6	0	3	0	5	0	9	0	6	0	6	0	6	0	9	0	8	0	4	0	4	0	7	0	7	0	9	0	4	0	6	0	5	0	4	0	7	0	6	0	12	0	12	0	1	0	8	0	12	0	8	0	15	0	8	0	4	0	18	0	1	0	7	0	10	0	10	0	7	0	14	0
XX	20	60115	6	0	5	0	12	0	4	0	7	0	3	0	6	0	9	0	2	0	4	0	9	0	5	0	7	0	6	0	5	0	5	0	10	0	6	0	7	0	3	0	7	0	3	0	8	1	10	0	7	0	7	0	4	0	9	0	5	0	6	0	6	0	9	0	6	0	4	0	8	0	3	0	11	0	2	0	8	0	10	0	5	0	11	0	6	0	9	0	7	0	11	0	7	0	9	0	3	0	7	0	4	0	1	0	15	0	6	0	5	0	2	0	8	0	11	0	8	0	5	0	6	0	4	0	7	0	7	0	7	0	6	0	3	0	5	0	8	0	5	0	6	0	6	0	8	0	8	0	3	0	4	0	7	0	7	0	9	0	4	0	6	0	5	0	4	0	7	0	5	0	11	0	10	0	1	0	8	0	12	0	8	0	14	0	8	0	4	0	17	0	1	0	7	0	10	0	10	0	7	0	12	0
XX	20	60116	6	0	5	0	13	0	4	0	7	0	3	0	6	0	9	0	2	0	4	0	8	0	5	0	7	0	6	0	5	0	5	0	9	1	6	0	7	0	3	0	7	0	3	0	8	0	10	0	7	0	6	0	4	0	9	0	5	0	6	0	7	0	9	0	6	0	4	0	9	0	3	0	11	0	2	0	9	0	10	0	5	0	10	0	6	0	9	0	7	0	11	0	7	0	9	0	3	0	7	0	4	0	1	0	14	0	6	0	5	0	2	0	8	0	11	0	6	0	6	0	6	0	3	0	7	0	7	0	7	0	6	0	3	0	4	1	9	0	5	0	6	0	5	0	7	0	8	0	5	0	4	0	7	0	7	0	7	0	4	0	6	0	4	0	3	0	7	0	6	0	11	0	10	0	1	0	8	0	12	0	8	0	12	0	8	0	4	0	17	0	1	0	6	0	10	0	10	0	7	0	13	0
XX	20	60119	5	0	5	0	10	0	4	0	7	0	3	0	6	0	9	0	1	0	4	0	9	0	6	0	7	0	5	0	5	0	5	0	10	0	6	0	7	0	3	0	6	0	3	0	8	0	10	0	6	0	5	0	4	0	9	0	5	0	7	0	7	0	9	0	6	0	2	0	8	1	3	0	11	0	2	0	9	0	11	0	5	0	11	0	6	0	8	0	10	0	12	0	7	0	8	0	3	0	6	0	4	0	1	0	13	0	7	0	5	0	2	0	8	0	12	0	6	0	6	0	7	0	5	0	7	0	7	0	7	0	5	0	3	0	5	0	8	0	5	0	6	0	5	0	8	0	8	0	5	0	4	0	7	0	7	0	8	0	5	0	5	0	6	0	5	0	7	0	6	0	11	0	11	0	0	0	8	0	10	0	8	0	12	0	8	0	5	0	17	0	2	0	6	0	9	0	9	0	8	0	14	0
XX	20	60122	5	0	5	0	9	0	5	0	9	0	3	0	5	0	10	0	1	0	3	0	9	0	4	0	6	0	6	0	6	0	5	0	10	0	6	0	7	0	3	0	7	0	5	0	7	0	10	0	7	0	6	0	4	0	9	0	4	0	7	0	7	0	9	0	6	0	3	0	6	0	2	0	10	0	2	0	9	0	11	0	5	0	11	0	6	0	7	0	7	0	13	0	7	0	7	0	3	0	5	0	4	0	1	1	13	0	7	0	5	0	2	0	7	0	13	0	5	0	5	0	6	0	5	0	7	0	7	0	7	0	5	0	2	0	5	0	6	0	5	0	6	0	5	0	9	0	9	0	6	0	3	0	7	0	7	0	5	0	5	0	5	0	6	0	5	0	7	0	6	0	10	0	11	0	1	0	8	0	9	0	8	0	10	0	8	0	3	0	16	0	2	0	7	0	8	0	8	0	7	0	14	0
XX	20	60127	6	0	5	0	11	0	5	0	8	0	3	0	6	0	10	0	1	0	5	0	9	0	8	0	6	0	6	0	8	0	5	0	10	0	6	0	8	0	3	0	8	0	5	0	8	0	10	0	9	0	6	0	3	0	10	0	6	0	7	0	8	0	9	0	6	0	4	0	8	0	3	0	11	0	2	0	8	0	9	0	5	0	12	0	6	0	8	0	11	1	13	0	7	0	7	0	3	0	6	0	6	0	1	0	13	0	6	0	5	0	2	0	10	0	13	0	6	0	4	0	6	0	5	0	8	0	6	0	7	0	6	0	4	0	5	1	7	0	5	0	6	0	5	0	9	0	10	0	6	0	4	0	8	0	7	0	7	0	5	0	4	0	6	0	5	0	6	0	4	0	10	0	9	0	0	0	8	0	8	0	8	0	11	0	8	0	6	0	15	0	2	0	9	0	8	0	9	0	7	0	13	0
XX	20	60128	6	0	5	0	11	0	5	0	8	0	3	0	6	0	11	0	1	0	5	0	9	0	8	0	8	0	5	0	7	0	5	0	10	0	6	0	8	0	3	0	8	0	5	0	8	0	9	0	9	0	6	0	3	0	9	0	5	1	6	0	7	0	9	0	6	0	3	0	8	0	3	0	12	0	2	0	9	0	9	0	5	0	12	0	6	0	8	0	11	0	12	0	7	0	7	0	3	0	5	0	6	0	2	0	12	0	6	0	5	0	2	0	10	0	13	0	6	0	4	0	7	0	5	0	8	0	6	0	7	0	6	0	4	0	5	0	8	0	5	0	6	0	5	0	9	0	10	0	6	0	4	0	8	0	7	0	7	0	5	0	4	0	6	0	5	0	8	0	6	0	11	0	9	0	1	0	8	0	8	0	6	0	10	0	8	0	7	0	15	0	2	0	8	0	8	0	8	0	7	0	12	0
XX	20	60129	6	0	5	0	11	0	5	0	8	0	3	0	7	0	11	0	1	0	5	0	8	1	8	0	8	0	6	0	8	0	5	0	10	0	5	0	6	0	3	0	8	0	5	0	8	0	10	0	10	0	7	0	3	0	10	0	6	0	6	0	7	0	8	0	6	0	2	0	6	0	3	0	12	0	2	0	9	0	9	0	5	0	12	0	6	0	8	0	12	0	13	0	7	0	8	0	3	0	7	0	6	0	1	0	14	0	6	0	6	0	2	0	10	0	13	0	6	0	5	0	7	0	5	0	8	0	6	0	7	0	6	0	4	0	6	0	7	0	5	0	6	0	5	0	9	0	10	0	6	0	4	0	8	0	7	0	7	0	5	0	5	0	4	0	5	0	8	0	7	0	9	0	10	0	1	0	8	0	8	0	6	0	8	0	8	0	5	0	15	0	2	0	8	0	8	0	9	0	7	0	11	0
XX	20	60130	5	0	4	0	11	0	5	0	7	0	4	0	6	0	11	0	1	0	7	0	9	0	8	0	7	0	6	0	8	0	6	0	9	0	6	0	8	0	3	0	8	0	5	0	8	0	10	0	9	0	7	0	3	0	10	0	6	0	6	0	8	0	8	0	6	0	3	0	9	0	2	0	13	0	2	0	9	0	9	0	5	0	11	0	6	0	9	0	12	0	13	0	7	0	8	0	3	0	7	0	7	0	2	0	14	0	6	0	5	0	2	0	11	0	13	0	6	0	5	0	7	0	5	0	7	0	7	0	6	0	6	0	4	0	5	0	6	0	5	0	6	0	5	0	9	0	10	0	6	0	4	0	7	0	7	0	6	0	5	0	5	0	5	0	5	0	7	0	6	0	9	0	11	0	0	0	8	0	9	0	6	0	8	0	9	0	6	0	16	0	2	0	9	0	8	0	8	0	7	0	11	1
XX	20	60132	6	0	5	0	11	0	6	0	8	0	4	0	7	0	11	0	2	0	7	0	9	0	8	0	8	0	6	0	7	0	6	0	10	0	6	0	8	0	3	0	8	0	5	0	10	0	10	0	9	0	7	0	4	0	10	0	6	0	6	0	8	0	8	0	7	0	2	0	8	0	3	0	13	0	3	0	10	0	9	0	5	0	12	0	6	0	9	0	12	0	13	0	7	0	8	0	3	0	6	0	7	0	1	0	13	0	6	0	6	0	2	0	11	0	14	0	7	0	5	0	7	0	5	0	7	0	7	0	6	0	6	0	4	0	5	0	7	0	5	0	6	0	6	0	9	0	10	0	6	0	3	0	7	0	7	0	7	1	4	0	5	0	6	0	5	0	8	0	6	0	9	0	11	0	1	0	7	0	10	0	7	0	7	0	9	0	8	1	16	0	2	0	8	0	8	0	9	0	7	0	13	0
XX	20	60135	6	0	5	0	11	0	6	0	8	0	4	0	7	0	11	0	3	0	7	0	10	0	8	0	8	0	6	0	6	0	6	0	8	0	6	0	7	0	2	0	9	0	5	0	8	0	9	0	10	0	7	0	4	0	11	0	6	0	5	0	7	0	9	0	7	0	3	0	8	0	3	0	11	0	2	0	11	0	9	0	5	0	11	0	6	0	9	0	10	0	13	0	8	0	9	0	3	0	6	0	7	0	2	0	12	0	6	0	5	0	2	0	10	0	14	0	7	0	5	0	8	0	5	0	7	0	9	0	7	0	6	0	4	0	5	0	6	0	5	0	6	0	5	1	8	0	10	0	6	0	3	0	7	0	7	0	8	0	4	0	5	0	4	0	6	0	8	0	6	0	9	0	10	0	1	0	7	0	10	0	7	0	7	0	9	0	8	0	13	0	2	0	8	0	8	0	9	0	7	0	13	0
XX	20	60136	6	0	5	0	11	0	6	0	8	0	4	0	7	0	11	0	3	0	7	0	10	0	8	0	9	0	6	0	5	0	7	0	8	0	6	0	7	0	3	0	9	0	5	0	9	0	9	0	9	0	6	0	5	0	10	0	5	0	7	0	7	0	9	0	7	0	3	0	7	0	4	0	10	0	2	0	10	1	8	0	5	0	12	0	6	0	11	0	12	0	13	0	8	0	8	0	2	0	6	0	7	0	2	0	12	0	6	0	6	0	2	0	10	0	14	0	6	0	6	0	8	0	5	0	7	0	10	0	7	0	6	0	4	0	4	0	6	0	5	0	6	0	5	0	8	0	10	0	6	0	4	0	8	0	7	0	8	0	4	0	7	0	3	0	6	0	8	0	6	0	9	0	10	0	1	0	7	0	9	0	6	0	7	0	9	0	8	0	13	0	2	0	7	0	8	0	9	0	7	0	14	0
XX	20	60138	6	0	5	0	11	0	6	0	8	0	4	0	7	0	11	0	3	0	8	0	10	0	8	0	9	0	6	0	6	0	6	0	9	0	6	0	7	0	3	0	10	0	5	0	8	0	8	0	10	0	6	0	5	0	11	0	5	0	6	1	8	0	9	0	7	0	2	0	8	0	4	0	11	0	2	0	11	0	9	0	6	0	11	0	6	0	10	0	12	0	14	0	7	0	8	0	3	0	6	0	7	0	2	0	12	0	4	0	6	0	2	0	10	0	13	0	6	0	6	0	9	0	5	0	7	0	10	0	7	0	7	0	4	0	6	0	6	0	5	0	6	0	5	0	8	0	10	0	6	0	4	0	9	0	7	0	8	0	4	0	7	0	4	0	6	0	7	0	6	0	10	0	10	0	1	0	7	0	10	0	6	0	6	0	8	0	8	0	13	0	2	0	7	0	8	0	10	0	7	0	11	0
XX	20	60139	5	0	5	0	11	0	7	0	8	0	4	0	8	0	11	0	3	0	8	0	10	0	8	0	10	0	6	0	6	0	6	0	8	0	6	0	7	0	3	0	10	0	5	0	8	0	9	0	9	0	4	0	5	0	11	0	5	0	6	1	8	0	9	0	7	0	2	0	8	0	4	0	11	0	2	0	12	0	9	0	6	0	12	0	6	0	11	0	12	0	14	0	7	0	8	0	3	0	6	0	7	0	2	0	12	0	5	0	6	0	2	0	10	0	13	0	6	0	6	0	9	0	5	0	7	0	10	0	7	0	7	0	4	0	8	0	6	0	5	0	6	0	5	0	8	0	10	0	6	0	4	0	8	0	7	0	8	0	4	0	7	0	3	0	6	0	8	0	6	0	10	0	10	0	0	0	8	0	10	0	6	0	6	0	10	0	8	0	14	0	2	0	7	0	8	0	10	0	7	0	12	0
XX	20	60141	6	0	5	0	11	0	7	0	7	0	4	0	8	0	10	0	3	0	8	0	9	0	7	0	10	0	5	0	5	0	6	0	6	0	6	0	5	0	3	0	11	0	4	0	8	0	8	0	8	0	4	0	5	0	10	0	5	0	6	0	7	0	9	0	7	0	2	0	8	0	4	0	10	0	2	0	13	0	10	0	6	0	11	0	6	0	13	0	10	0	14	0	7	0	8	0	3	0	6	0	6	0	1	0	12	0	5	0	7	0	2	0	11	0	12	0	6	0	6	0	8	0	5	0	7	0	10	0	7	0	7	0	4	0	8	0	7	0	5	0	5	0	6	0	8	0	10	0	6	0	4	0	8	0	7	0	5	0	4	0	6	0	3	0	6	0	6	1	6	0	9	1	10	0	1	0	10	0	10	0	6	0	6	0	9	0	7	0	12	0	2	0	7	0	9	0	10	0	7	0	11	0
XX	20	60142	6	0	5	0	10	0	7	0	7	0	4	0	8	0	10	0	3	0	8	0	9	0	8	0	10	0	4	0	6	0	6	0	6	0	5	0	6	0	3	0	11	0	4	0	8	0	7	0	10	0	6	0	5	0	8	0	5	0	7	0	7	0	9	0	7	0	2	0	7	0	4	0	10	0	2	0	12	0	9	0	6	0	10	0	6	0	12	0	10	0	14	0	7	0	8	0	3	0	6	0	6	0	1	0	11	0	4	0	7	0	2	0	10	1	11	0	6	0	6	0	8	0	5	0	7	0	10	0	7	0	7	0	4	0	7	0	7	0	5	0	5	0	5	0	8	0	9	0	5	0	4	0	10	0	7	0	7	0	4	0	6	0	3	0	6	0	7	0	5	0	9	0	9	0	0	0	10	0	10	0	6	0	5	0	8	0	8	0	12	0	2	0	7	0	9	0	9	0	7	0	10	0
XX	20	60143	6	0	5	0	10	0	7	0	7	0	4	0	7	0	9	0	3	0	8	0	9	0	8	0	10	0	5	0	5	0	6	0	6	0	4	0	6	0	3	0	11	0	4	0	8	0	8	0	10	0	4	0	6	0	10	0	5	0	7	0	8	0	8	1	7	0	2	0	8	0	4	0	9	0	3	0	12	0	9	0	6	0	10	0	6	0	12	0	11	0	13	0	5	0	8	0	3	0	6	0	6	0	1	0	12	0	5	0	7	0	2	0	11	0	12	0	6	0	6	0	8	0	5	0	7	0	9	0	7	0	7	0	4	0	8	0	7	0	5	0	5	0	5	0	7	0	10	0	6	0	4	0	10	0	7	0	6	0	4	0	6	0	3	0	6	0	7	0	5	0	10	0	9	0	0	0	9	0	11	0	6	0	5	0	9	0	7	0	11	1	2	0	7	0	9	0	10	0	7	0	10	0
XX	20	60144	6	0	5	0	10	0	7	0	7	0	4	0	8	0	10	0	3	0	8	0	8	0	8	0	9	0	5	0	4	0	6	0	6	0	5	0	6	0	4	0	10	0	4	0	8	0	9	0	10	0	4	0	6	0	10	0	5	0	7	0	8	0	9	0	7	0	2	0	8	0	4	0	8	1	3	0	12	0	9	0	6	0	10	0	6	0	13	0	11	0	15	0	6	0	8	0	3	0	5	0	6	0	1	0	11	0	5	0	7	0	2	0	11	0	12	0	6	0	6	0	9	0	5	0	7	0	9	0	7	0	6	0	4	0	8	0	7	0	5	0	5	0	5	0	8	0	10	0	5	0	4	0	10	0	7	0	7	0	4	0	6	0	2	0	6	0	7	0	5	0	10	0	10	0	0	0	10	0	11	0	6	0	5	0	9	0	7	0	10	0	2	0	7	0	9	0	10	0	7	0	10	0
XX	20	60145	7	0	5	0	10	0	7	0	7	0	4	0	8	0	10	0	3	0	8	0	9	0	8	0	10	0	5	0	4	0	6	0	5	1	5	0	6	0	4	0	11	0	4	0	8	0	9	0	10	0	5	0	6	0	8	0	4	0	7	0	8	0	9	0	7	0	2	0	8	0	3	1	9	0	3	0	13	0	10	0	6	0	12	0	7	0	13	0	11	0	15	0	6	0	8	0	3	0	6	0	6	0	1	0	11	0	5	0	7	0	2	0	11	0	12	0	6	0	6	0	8	0	5	0	7	0	9	0	7	0	7	0	4	0	8	0	7	0	5	0	5	0	5	0	8	0	10	0	6	0	3	0	10	0	7	0	7	0	4	0	6	0	3	0	6	0	7	0	5	0	11	0	10	0	1	0	10	0	11	0	6	0	5	0	9	0	7	0	11	0	2	0	7	0	9	0	10	0	7	0	10	0
XX	20	60150	6	0	4	0	11	0	7	0	6	0	4	0	8	0	10	0	3	0	8	0	9	0	8	0	10	0	5	0	4	0	6	0	6	0	5	0	5	0	5	0	11	0	5	0	7	0	8	0	10	0	5	0	6	0	8	0	5	0	7	0	8	0	9	0	7	0	1	0	7	0	3	0	8	0	4	0	14	0	10	0	7	0	10	0	7	0	13	0	12	0	15	0	7	0	7	0	2	0	5	0	5	0	2	0	11	0	4	0	7	0	3	0	10	0	12	0	6	0	6	0	8	1	5	0	6	0	9	0	7	0	6	0	4	0	7	0	7	0	5	0	5	0	5	0	7	0	9	0	6	0	3	0	7	0	7	0	5	0	4	0	7	0	2	0	6	0	8	0	5	0	12	0	9	0	2	0	8	0	10	0	6	0	6	0	10	0	7	0	10	0	3	0	8	0	8	0	10	0	10	0	10	0
XX	20	60155	5	0	5	0	11	0	7	0	6	0	3	0	8	0	8	0	3	0	8	0	9	0	9	0	7	0	6	0	4	0	6	0	6	0	5	0	5	0	5	0	10	0	5	0	7	0	9	0	11	0	4	0	6	0	10	0	5	0	7	0	8	0	9	0	7	0	2	0	7	0	3	0	10	0	5	0	13	0	9	0	8	0	13	0	5	1	12	0	13	0	15	0	7	0	7	0	2	0	5	0	5	0	3	0	9	0	3	0	8	0	3	0	9	0	12	0	5	0	6	0	10	0	5	0	6	0	9	0	7	0	7	0	4	0	8	0	7	0	6	0	5	0	5	0	7	0	9	0	6	0	3	0	9	0	5	0	5	0	4	0	7	0	2	0	6	0	8	0	4	0	10	0	10	0	3	0	9	0	10	0	5	0	6	0	10	0	7	0	10	0	3	0	10	0	8	0	12	0	11	0	9	0
XX	20	60156	5	0	4	0	10	0	7	0	6	0	3	0	8	0	8	0	3	0	8	0	9	0	8	0	7	0	6	0	4	0	6	0	5	0	5	0	5	0	5	0	11	0	5	0	7	0	9	0	10	0	5	0	6	0	10	0	5	0	7	0	7	0	8	0	7	0	2	0	7	0	3	0	9	0	5	0	13	0	9	0	8	0	12	0	6	0	12	0	13	0	15	0	8	0	7	0	3	0	4	0	4	0	3	0	9	0	3	0	9	0	3	0	9	0	12	0	5	0	6	0	8	0	5	0	6	0	9	0	7	0	7	0	4	0	8	0	7	0	6	0	6	0	5	0	7	0	8	0	4	0	3	0	9	0	4	0	5	0	4	0	6	0	2	0	6	0	8	0	4	0	10	0	10	0	3	0	10	0	9	0	5	0	7	0	9	0	7	0	10	0	3	0	10	0	8	0	12	0	10	1	9	0
XX	20	60157	5	0	4	0	10	0	7	0	6	0	3	0	8	0	8	0	3	0	8	0	9	0	8	0	7	0	5	0	3	0	6	0	5	0	5	0	4	1	5	0	10	0	5	0	7	0	9	0	10	0	5	0	5	0	10	0	4	0	7	0	7	0	9	0	7	0	1	0	7	0	3	0	8	0	5	0	12	0	9	0	8	0	13	0	6	0	12	0	13	0	15	0	8	0	7	0	4	0	4	0	4	0	3	0	9	0	3	0	9	0	3	0	8	0	12	0	5	0	6	0	9	0	5	0	6	0	9	0	7	0	7	0	4	0	7	0	7	0	6	0	6	0	5	0	7	0	8	0	6	0	3	0	9	0	4	0	5	0	4	0	6	0	2	0	6	0	8	0	4	0	11	0	10	0	3	0	10	0	8	0	5	0	6	0	10	0	7	0	10	0	3	0	10	0	8	0	12	0	12	0	8	0
XX	20	60161	5	0	4	0	10	0	6	0	6	0	3	0	8	0	8	0	3	0	8	0	9	0	8	0	7	0	5	0	3	0	5	0	3	0	5	0	5	0	5	0	7	0	5	0	7	0	6	0	10	0	5	0	4	0	10	0	4	0	7	0	7	0	8	0	7	0	1	0	7	0	3	0	9	0	5	0	11	0	10	0	8	0	12	0	4	0	10	0	12	0	14	0	7	0	6	0	4	0	4	0	4	0	3	0	9	0	3	0	8	0	3	0	8	0	12	1	5	0	6	0	8	0	4	0	6	0	9	0	5	0	7	0	4	0	6	0	7	0	6	0	5	0	5	0	7	0	9	0	5	0	2	0	9	0	6	0	5	0	4	0	6	0	3	0	6	0	7	0	3	0	8	0	10	0	2	0	10	0	7	0	6	0	6	0	9	0	6	0	10	0	3	0	10	0	8	0	12	0	10	0	7	0
XX	20	60162	5	0	4	0	10	0	5	0	7	0	3	0	8	0	8	0	3	0	8	0	8	0	8	0	7	0	5	0	4	0	5	0	2	0	5	0	5	0	6	0	9	0	5	0	6	0	5	0	11	0	4	1	4	0	10	0	4	0	8	0	8	0	8	0	7	0	1	0	7	0	3	0	10	0	5	0	12	0	10	0	8	0	13	0	4	0	10	0	15	0	14	0	7	0	4	0	4	0	5	0	4	0	3	0	9	0	3	0	6	0	3	0	8	0	13	0	5	0	6	0	8	0	5	0	6	0	9	0	5	0	7	0	4	0	6	0	7	0	6	0	5	0	6	0	7	0	9	0	5	0	2	0	9	0	6	0	7	0	4	0	6	0	3	0	6	0	9	0	4	0	10	0	11	0	2	0	10	0	6	0	6	0	7	0	11	0	7	0	10	0	3	0	9	0	9	0	12	0	12	0	7	0
XX	20	60167	5	0	4	0	10	0	7	0	7	0	3	0	7	0	8	0	3	0	7	0	8	0	9	0	6	0	5	0	4	0	6	0	3	0	5	0	4	1	6	0	8	0	4	0	5	0	5	0	11	0	4	0	4	0	10	0	6	0	9	0	8	0	8	0	7	0	1	0	7	0	3	0	10	0	5	0	13	0	10	0	8	0	12	0	4	0	10	0	14	0	15	0	7	0	5	0	4	0	5	0	4	0	3	0	8	0	3	0	8	0	4	0	8	0	13	0	4	0	4	0	7	0	5	0	6	0	7	0	5	0	6	0	4	0	8	0	7	0	6	0	6	0	5	0	7	0	8	0	5	0	2	0	10	0	7	0	6	0	5	0	6	0	3	0	6	0	7	0	3	0	10	0	10	0	2	0	10	0	7	0	6	0	7	0	11	0	7	0	10	0	3	0	9	0	9	0	10	0	12	0	6	0
XX	20	60169	5	0	4	0	10	0	8	0	7	0	3	0	8	0	8	0	5	0	7	0	8	0	9	0	5	0	7	0	4	0	6	0	2	0	5	0	4	0	6	0	8	0	5	0	5	0	5	0	11	0	4	0	5	0	10	0	6	0	7	1	8	0	8	0	8	0	1	0	7	0	4	0	9	0	5	0	15	0	8	0	8	0	12	0	4	0	11	0	15	0	15	0	7	0	6	0	4	0	7	0	4	0	3	0	8	0	4	0	8	0	4	0	9	0	13	0	4	0	4	0	7	0	6	0	6	0	7	0	5	0	6	0	4	0	8	0	7	0	6	0	4	0	6	0	8	0	7	0	5	0	3	0	8	0	9	0	5	0	5	0	5	0	4	0	6	0	9	0	3	0	11	0	11	0	2	0	9	0	7	0	6	0	7	0	10	0	7	0	10	0	4	0	8	0	9	0	10	0	10	0	7	0
XX	20	60171	5	0	4	0	10	0	8	0	6	0	3	0	9	0	8	0	5	0	7	0	9	0	9	0	5	0	7	0	4	0	6	0	3	0	5	0	4	0	6	0	10	0	7	0	5	0	6	0	9	0	4	0	5	0	10	0	6	0	8	0	7	0	6	0	8	0	1	0	8	0	4	0	9	0	5	0	14	0	10	0	8	0	12	0	4	0	10	0	14	0	14	0	7	0	5	0	4	0	6	1	4	0	2	0	10	0	4	0	6	0	4	0	8	0	13	0	4	0	5	0	8	0	7	0	6	0	7	0	5	0	6	0	5	0	7	0	6	0	6	0	4	0	6	0	7	0	7	0	5	0	3	0	9	0	9	0	5	0	6	0	5	0	4	0	6	0	9	0	3	0	11	0	11	0	2	0	9	0	7	0	7	0	7	0	9	0	7	0	10	0	4	0	8	0	8	0	11	0	9	0	7	0
XX	20	60176	5	0	5	0	10	0	8	0	8	0	2	0	9	0	8	0	5	0	8	0	8	0	9	0	5	0	7	0	4	0	6	0	3	0	3	0	5	0	5	0	8	0	7	0	5	0	6	0	11	0	4	0	6	0	10	0	6	0	7	0	6	0	6	0	9	0	1	0	9	0	4	0	8	0	5	0	13	0	8	0	8	0	11	0	4	0	9	0	15	0	14	0	7	0	6	0	5	0	6	0	3	0	3	0	8	1	4	0	7	0	5	0	9	0	12	0	4	0	5	0	8	0	7	0	8	0	7	0	5	0	6	0	6	0	8	0	8	0	6	0	4	0	6	0	7	0	6	0	4	0	3	0	9	0	8	0	5	0	6	0	6	0	7	0	6	0	10	0	3	0	11	0	11	0	2	0	10	0	7	0	7	0	8	0	10	0	6	0	10	0	3	0	8	0	8	0	11	0	9	0	7	0
XX	20	60178	6	0	5	0	10	0	8	0	8	0	2	0	9	0	7	0	5	0	8	0	9	0	8	0	5	0	7	0	3	0	6	0	3	0	4	0	4	0	4	0	7	0	7	0	5	0	6	0	10	0	4	0	6	0	10	0	6	0	8	0	5	0	6	1	9	0	1	0	9	0	4	0	8	0	5	0	14	0	9	0	7	0	10	0	4	0	10	0	14	0	14	0	8	0	6	0	5	0	6	0	3	0	3	0	10	0	4	0	8	0	5	0	8	0	13	0	4	0	5	0	7	0	7	0	9	0	7	0	4	0	5	0	6	0	8	0	8	0	5	0	5	0	5	0	7	0	6	0	3	0	3	0	7	0	8	0	5	0	6	0	8	0	6	0	6	0	10	0	3	0	11	0	11	0	2	0	10	0	7	0	7	0	8	0	11	0	6	0	9	0	4	0	7	0	6	0	12	0	9	0	7	0
XX	20	60179	6	0	5	0	9	0	8	0	8	0	2	0	9	0	7	0	5	0	8	0	8	0	8	0	4	0	7	0	4	0	6	0	3	0	3	0	5	0	4	0	6	0	6	0	5	0	6	0	10	0	4	0	5	0	10	0	6	0	8	0	6	0	6	0	9	0	1	0	8	0	4	0	8	0	5	0	13	0	9	0	6	0	11	0	4	0	8	0	11	0	14	0	8	0	5	0	5	0	6	0	3	0	2	0	9	0	4	0	6	0	5	0	9	0	12	0	4	0	5	0	7	0	8	0	9	0	7	0	4	0	5	0	5	0	9	0	8	0	5	0	5	0	5	0	7	0	7	0	4	0	3	0	8	0	7	0	5	0	6	0	8	0	6	0	5	0	10	0	3	0	11	0	11	0	2	0	10	0	6	0	7	0	6	0	10	0	6	0	9	0	3	0	6	1	7	0	12	0	9	0	7	0
XX	20	60180	6	0	5	0	10	0	8	0	7	1	2	0	10	0	7	0	5	0	8	0	9	0	8	0	5	0	7	0	4	0	6	0	2	0	3	0	4	0	4	0	6	0	7	0	5	0	5	0	9	0	4	0	5	0	10	0	6	0	8	0	5	0	5	0	9	0	1	0	9	0	4	0	7	0	5	0	14	0	8	0	8	0	11	0	4	0	10	0	15	0	14	0	8	0	5	0	6	0	6	0	3	0	3	0	11	0	4	0	8	0	5	0	9	0	13	0	4	0	5	0	8	0	8	0	8	0	7	0	4	0	4	0	5	0	8	0	8	0	4	0	4	0	4	0	7	0	7	0	4	0	3	0	6	0	8	0	4	0	7	0	8	0	6	0	5	0	10	0	3	0	9	0	10	0	2	0	10	0	6	0	7	0	4	0	8	0	6	0	9	0	3	0	7	0	6	0	12	0	9	0	5	0
XX	20	60183	6	0	6	0	10	0	9	0	8	0	2	0	9	0	7	0	5	0	8	0	9	0	8	0	4	0	7	0	4	0	6	0	2	0	3	0	6	0	4	0	6	0	7	0	5	0	5	0	9	0	4	0	5	0	10	0	5	0	8	0	6	0	7	0	9	0	1	0	8	0	4	0	7	0	5	0	14	0	8	0	9	0	11	0	4	0	10	0	13	0	14	0	8	0	6	0	6	0	6	0	3	0	3	0	10	0	4	0	6	0	5	0	9	0	12	0	4	0	5	0	8	0	8	0	8	0	6	0	5	0	4	0	6	0	9	0	8	0	4	0	5	0	4	0	6	0	8	0	4	0	3	0	9	0	8	0	4	0	6	0	9	0	6	0	6	0	9	0	3	0	9	0	10	1	3	0	9	0	5	0	6	0	5	0	9	1	6	0	9	0	5	0	8	0	5	1	12	0	10	0	4	0
XX	20	60185	6	0	6	0	10	0	9	0	8	0	2	0	8	0	7	0	5	0	8	0	8	0	8	0	6	0	7	0	4	0	6	0	2	0	3	0	6	0	4	0	7	0	7	0	5	0	5	0	8	0	4	0	5	0	9	0	5	0	9	0	6	0	7	0	9	0	2	0	10	0	4	0	7	0	5	0	14	0	9	0	9	0	10	0	4	0	10	0	12	0	14	0	8	0	6	0	5	0	7	0	3	0	2	1	11	0	4	0	7	0	4	0	9	0	11	0	4	0	4	0	7	0	8	0	8	0	6	0	4	0	4	0	5	0	9	0	6	0	5	0	5	0	4	0	5	0	9	0	4	0	4	0	9	0	9	0	5	0	7	0	9	0	7	0	6	0	9	0	3	0	9	0	11	0	3	0	9	0	7	0	8	0	6	0	10	0	7	0	9	0	6	0	8	0	7	0	11	0	10	0	7	0
XX	20	60186	6	0	6	0	10	0	9	0	7	0	2	0	8	0	6	0	5	0	8	0	8	0	8	0	6	0	6	0	4	0	6	0	2	0	3	0	6	0	4	0	7	0	7	0	5	0	5	0	9	0	4	0	5	0	9	0	5	0	8	0	5	1	6	0	9	0	2	0	9	0	4	0	7	0	5	0	14	0	8	0	9	0	10	0	3	0	9	0	12	0	14	0	8	0	6	0	5	0	6	0	3	0	2	0	11	0	4	0	7	0	5	0	9	0	10	0	4	0	4	0	8	0	7	0	8	0	6	0	4	0	4	0	5	0	7	0	6	0	4	0	5	0	4	0	5	0	9	0	4	0	5	0	9	0	9	0	5	0	8	0	8	0	6	0	6	0	9	0	3	0	9	0	11	0	3	0	9	0	6	0	8	0	6	0	9	0	7	0	9	0	6	0	8	0	7	0	11	0	10	0	5	0
XX	20	60188	6	0	6	0	10	0	9	0	7	0	2	0	8	0	6	0	5	0	8	0	9	0	8	0	7	0	6	0	4	0	6	0	1	0	3	0	6	0	5	0	6	0	6	0	5	0	4	0	9	0	3	0	5	0	9	0	5	0	8	0	5	0	6	0	8	0	3	0	8	0	3	0	6	0	5	0	14	0	8	0	8	0	11	0	3	0	10	0	12	0	13	0	8	0	6	0	5	0	6	0	3	0	2	0	10	1	4	0	7	0	4	0	9	0	10	0	4	0	4	0	9	0	7	0	7	0	6	0	4	0	4	0	3	0	10	0	6	0	4	0	5	0	3	0	5	0	9	0	4	0	5	0	10	0	8	0	4	0	6	0	7	0	7	0	6	0	8	0	3	0	8	0	8	0	2	0	9	0	7	0	8	0	7	0	10	0	7	0	9	0	5	0	8	0	7	0	11	0	10	0	5	0
XX	20	60195	6	0	6	0	12	0	10	0	6	0	2	0	7	0	5	0	5	0	6	0	9	0	8	0	6	0	6	0	4	0	5	0	2	0	2	0	5	0	6	0	7	0	7	0	3	1	4	0	7	0	3	0	5	0	9	0	2	0	7	0	7	0	7	0	8	0	3	0	7	0	4	0	7	0	4	0	14	0	9	0	11	0	10	0	4	0	10	0	12	0	13	0	10	0	7	0	5	0	8	0	3	0	3	0	11	0	4	0	7	0	5	0	10	0	12	0	6	0	5	0	6	0	8	0	6	0	7	0	6	0	3	0	5	0	10	0	4	0	2	0	7	0	4	0	6	0	8	0	4	0	5	0	11	0	8	0	4	0	8	0	10	0	6	0	6	0	9	0	2	1	9	0	10	0	4	0	10	0	6	0	9	0	7	0	11	0	9	0	8	0	9	0	9	0	5	0	10	0	10	0	6	0
XX	20	60198	6	0	6	0	10	0	10	0	6	0	2	0	7	0	5	0	5	0	7	0	8	0	7	0	6	0	4	0	4	0	5	0	2	0	1	0	3	0	6	0	8	0	6	0	4	0	4	0	6	0	3	0	4	0	8	0	2	0	8	0	6	0	6	0	9	0	3	0	8	0	3	0	6	0	4	0	14	0	8	0	10	0	8	0	3	0	10	0	11	0	14	0	8	1	6	0	5	0	7	0	3	0	3	0	11	0	4	0	7	0	5	0	10	0	13	0	5	0	5	0	6	0	8	0	3	0	6	0	5	0	3	0	5	0	10	0	4	0	2	0	7	0	4	0	6	0	7	0	3	0	5	0	11	0	9	0	3	0	8	0	10	0	5	0	6	0	10	0	3	0	9	0	9	0	4	0	8	0	6	0	7	0	7	0	12	0	8	0	7	0	9	0	8	0	6	0	11	0	10	0	6	0
XX	20	60200	5	0	6	0	11	0	9	0	6	0	2	0	7	0	5	0	5	0	7	0	8	0	7	0	5	0	4	0	4	0	5	0	2	0	1	0	2	0	7	0	8	0	6	1	3	0	3	0	5	0	2	0	7	0	7	0	2	0	7	0	6	0	8	0	9	0	3	0	6	0	4	0	7	0	4	0	14	0	9	0	11	0	7	0	3	0	9	1	11	0	15	0	10	0	7	0	5	0	6	0	3	0	4	0	10	0	4	0	7	0	4	0	9	0	12	0	6	0	5	0	7	0	8	0	3	0	7	0	6	0	3	0	5	0	9	0	5	0	2	0	6	0	4	0	7	0	8	0	3	0	5	0	11	0	9	0	4	0	7	0	10	0	6	0	6	0	10	0	3	0	9	0	8	0	5	0	9	0	6	0	8	0	7	0	12	0	10	0	7	0	8	0	9	0	5	0	10	0	11	0	6	0
XX	20	60201	5	0	6	0	11	0	9	0	6	0	2	0	7	0	5	0	5	0	7	0	8	0	7	0	5	0	4	0	4	0	5	0	2	0	1	0	2	0	7	0	9	0	7	0	3	0	3	0	7	0	3	1	6	0	9	0	2	0	8	0	5	0	8	0	7	0	2	0	6	0	3	0	7	0	4	0	14	0	9	0	10	0	8	0	3	0	10	0	11	0	16	0	10	0	7	0	5	0	6	0	4	0	3	0	9	1	4	0	7	0	5	0	10	0	12	0	6	0	5	0	7	0	7	0	4	0	7	0	5	0	3	0	5	0	10	0	5	0	2	0	7	0	6	0	6	0	8	0	3	0	5	0	10	0	9	0	4	0	7	0	10	0	5	0	6	0	10	0	2	0	8	0	9	0	4	0	9	0	6	0	8	0	8	0	14	0	10	0	7	0	8	0	8	1	3	0	10	0	10	0	7	0
XX	20	60201	5	0	6	0	11	0	9	0	6	0	2	0	7	0	5	0	5	0	6	0	8	0	7	0	5	0	4	0	4	0	4	0	1	0	1	0	2	0	6	0	9	0	6	0	3	0	5	0	5	0	3	0	5	0	8	0	1	0	8	0	5	0	7	0	8	0	3	0	6	0	3	0	5	0	4	0	14	0	8	0	11	0	7	0	3	0	10	0	11	0	12	0	9	0	5	0	5	0	7	0	4	0	2	0	8	0	4	0	7	0	4	0	10	0	11	0	6	0	5	0	7	0	7	0	4	0	6	0	5	0	3	0	5	0	10	0	4	0	2	0	6	0	6	0	5	0	7	0	3	0	5	0	7	2	8	0	4	0	7	0	10	0	4	0	6	0	10	0	1	0	8	0	8	0	4	0	9	0	4	0	8	0	8	0	14	0	10	0	7	0	7	0	8	0	3	0	9	0	10	0	7	0
XX	20	60202	4	0	6	0	10	0	9	0	6	0	2	0	7	0	5	0	5	0	6	0	7	0	7	0	5	0	4	0	4	0	4	0	1	0	2	0	3	0	7	0	8	0	7	0	3	0	4	0	7	0	4	0	6	0	8	0	1	0	8	0	5	0	7	0	8	0	3	0	7	0	3	0	6	0	4	0	14	0	8	0	11	0	8	0	3	0	10	0	12	0	14	0	10	0	8	0	5	0	7	0	4	0	3	0	11	0	4	0	7	0	5	0	10	0	11	0	6	0	5	0	7	0	7	0	3	0	8	0	5	0	3	0	6	0	10	0	5	0	3	0	7	0	5	0	6	1	8	0	3	0	6	0	9	0	9	0	5	0	7	0	10	0	6	0	6	0	10	0	2	0	8	0	8	0	4	0	9	0	5	0	8	0	8	0	14	0	8	0	7	0	8	0	9	0	5	0	10	0	11	0	7	0
XX	20	60203	5	0	6	0	10	0	9	0	6	0	2	0	7	0	5	0	6	0	6	0	8	0	8	0	5	0	4	0	4	0	4	0	1	0	2	0	3	0	7	0	8	0	7	0	3	0	4	0	6	0	3	0	6	0	7	0	1	0	9	0	5	0	7	0	9	0	3	0	7	0	4	0	5	0	5	0	14	0	10	0	10	0	8	0	3	0	9	1	12	0	14	0	10	0	7	0	5	0	7	0	4	0	3	0	11	0	4	0	7	0	4	0	10	0	11	0	5	0	5	0	7	0	7	0	4	0	7	0	5	0	3	0	6	0	8	0	4	0	3	0	6	0	6	0	6	0	9	0	3	0	5	0	10	0	9	0	4	0	6	0	10	0	4	0	6	0	10	0	1	1	8	0	8	0	5	0	9	0	5	0	8	0	8	0	14	0	10	0	8	0	8	0	9	0	4	0	9	0	11	0	7	0
XX	20	60207	6	0	8	0	9	0	11	0	6	0	2	0	7	0	6	0	7	0	7	0	8	0	8	0	5	0	4	0	4	0	4	0	1	0	2	0	3	0	6	0	10	0	5	0	3	0	5	0	6	0	4	0	6	0	8	0	1	0	8	0	5	0	6	0	7	0	3	0	4	0	4	0	5	0	5	0	14	0	9	0	11	0	7	0	3	0	11	1	12	0	13	0	9	0	7	0	5	0	7	0	4	0	4	0	11	0	2	0	8	0	3	1	8	0	12	0	5	0	6	0	6	0	7	0	3	0	8	0	6	0	4	0	5	0	10	0	4	0	4	0	6	0	6	0	6	0	8	0	3	0	7	0	11	0	10	0	5	0	8	0	10	0	4	0	4	1	10	0	1	1	9	0	8	0	5	0	10	0	5	0	6	0	9	0	14	0	9	0	7	0	8	0	9	0	4	0	9	0	11	0	8	0
XX	20	60208	7	0	7	0	10	0	10	0	6	0	2	0	7	0	4	0	7	0	8	0	8	0	8	0	4	0	4	0	4	0	3	0	1	0	2	0	3	0	6	0	9	0	6	1	2	0	5	0	6	0	4	0	6	0	7	0	2	0	8	0	4	0	6	0	7	0	3	0	5	0	5	0	5	0	6	0	14	0	9	0	11	0	7	0	3	0	11	0	12	0	11	1	10	0	7	0	5	0	7	0	4	0	3	0	10	0	2	0	8	0	4	0	8	0	12	0	5	0	6	0	6	0	7	0	4	0	8	0	6	0	4	0	6	0	10	0	4	0	4	0	6	0	6	0	6	0	8	0	3	0	7	0	11	0	9	0	4	0	8	0	11	0	5	0	5	0	10	0	2	0	9	0	8	0	5	0	10	0	5	0	6	0	9	0	13	0	10	0	7	0	8	0	9	0	4	0	8	0	11	0	7	0
XX	20	60209	7	0	9	0	10	0	11	0	6	0	2	0	7	0	4	0	7	0	8	0	8	0	8	0	4	0	4	0	4	0	3	0	1	0	2	0	3	0	6	0	10	0	6	0	2	0	6	0	5	0	4	0	7	0	8	0	2	0	8	0	6	0	7	0	8	0	2	0	7	0	5	0	5	0	6	0	14	0	11	0	12	0	7	0	3	0	12	0	12	0	13	0	9	1	7	0	5	0	7	0	4	0	3	0	10	0	2	0	8	0	4	0	9	0	12	0	5	0	5	0	6	0	7	0	4	0	7	0	6	0	4	0	6	0	10	0	4	0	4	0	6	0	6	0	6	0	9	0	3	0	7	0	11	0	9	0	4	0	8	0	11	0	5	0	5	0	10	0	2	0	9	0	8	0	5	0	9	0	6	0	6	0	9	0	13	0	10	0	7	0	8	0	10	0	5	0	10	0	13	0	7	0
XX	20	60211	8	0	9	0	10	0	10	0	5	0	2	0	5	0	5	0	8	0	6	0	7	0	8	0	5	0	4	0	4	0	3	0	1	0	2	0	3	0	5	0	10	0	5	0	2	0	3	0	5	0	4	0	6	0	6	0	1	0	8	0	7	0	6	0	7	0	2	0	7	0	4	0	5	0	6	0	14	0	10	0	12	0	7	0	3	0	11	1	11	0	9	0	10	0	7	0	6	0	7	0	4	0	3	0	8	0	2	0	9	0	4	0	9	0	11	0	5	0	5	0	6	0	7	0	5	0	7	0	6	0	4	0	6	0	9	0	4	0	4	0	5	0	6	0	5	0	9	0	3	0	7	0	12	0	9	0	4	0	9	0	11	0	5	0	4	0	10	0	1	0	7	0	7	0	5	0	9	0	6	0	5	0	9	0	14	0	10	0	7	0	8	0	11	0	5	0	9	0	12	0	7	0
XX	20	60212	6	0	9	0	10	0	10	0	6	0	2	0	5	0	4	0	8	0	6	0	7	0	8	0	5	0	4	0	3	0	3	0	1	0	2	0	3	0	5	0	9	0	8	0	2	0	4	0	5	0	3	0	6	0	3	0	2	0	7	0	6	0	5	0	6	1	2	0	7	0	4	0	4	0	6	0	12	0	10	0	10	0	7	0	2	0	11	0	11	0	10	0	10	0	7	0	6	0	7	0	3	0	3	0	8	0	2	0	8	0	4	0	9	0	10	0	5	0	4	0	6	0	7	0	5	0	8	0	5	0	3	0	6	0	9	0	4	0	4	0	4	0	6	0	5	0	6	0	3	0	6	0	12	0	9	0	5	0	8	0	10	0	5	0	4	0	9	0	1	0	8	0	7	0	5	0	8	0	6	0	5	0	8	0	14	0	11	0	6	0	8	0	11	0	5	0	8	0	12	0	7	0
XX	20	60213	7	0	8	0	10	0	10	0	6	0	2	0	5	0	5	0	8	0	7	0	7	0	8	0	5	0	4	0	3	0	3	0	1	0	2	0	3	0	5	0	10	0	8	0	2	0	4	0	5	0	4	0	6	0	5	0	2	0	8	0	5	0	7	0	8	0	3	0	8	0	5	0	5	0	6	0	14	0	11	0	11	0	7	0	4	0	11	0	13	0	9	0	10	0	6	0	6	0	7	0	4	0	2	1	7	0	2	0	8	0	4	0	9	0	10	0	5	0	5	0	6	0	7	0	5	0	8	0	6	0	4	0	6	0	9	0	4	0	4	0	5	0	6	0	5	0	6	0	3	0	7	0	12	0	10	0	5	0	9	0	11	0	5	0	4	0	9	0	1	0	9	0	7	0	6	0	9	0	5	0	5	0	8	0	14	0	11	0	5	0	8	0	10	0	5	0	9	0	12	0	7	0
XX	20	60214	7	0	8	0	10	0	10	0	6	0	2	0	5	0	5	0	8	0	7	0	7	0	7	0	5	0	5	0	4	0	3	0	1	0	2	0	3	0	5	0	9	1	7	0	2	0	4	0	5	0	4	0	8	0	5	0	1	0	8	0	6	0	7	0	7	0	2	0	8	0	5	0	5	0	6	0	13	0	11	0	12	0	6	0	4	0	11	0	13	0	12	0	10	0	6	0	6	0	7	0	4	0	2	0	8	0	3	0	8	0	4	0	9	0	10	0	5	0	6	0	6	0	7	0	5	0	8	0	7	0	4	0	6	0	9	0	3	0	4	0	5	0	6	0	5	0	6	0	3	0	7	0	12	0	10	0	5	0	8	0	11	0	5	0	4	0	9	0	1	0	9	0	7	0	6	0	8	0	6	0	5	0	8	0	14	0	11	0	5	0	9	0	11	0	5	0	9	0	12	0	7	0
XX	20	60215	7	0	8	0	9	0	10	0	6	0	2	0	5	0	5	0	7	0	6	0	7	0	7	0	5	0	5	0	4	0	3	0	1	0	2	0	3	0	5	0	11	0	6	0	2	0	4	0	6	0	3	0	7	0	5	0	1	0	7	0	4	0	8	0	7	0	2	0	6	0	4	0	5	0	4	0	11	0	11	0	12	0	5	0	5	0	9	0	13	0	10	1	10	0	5	0	6	0	7	0	4	0	4	0	9	0	3	0	8	0	4	0	9	0	9	0	5	0	4	0	5	0	7	0	4	0	8	0	7	0	3	0	6	0	8	0	3	0	4	0	6	0	6	0	4	0	6	1	3	0	7	0	12	0	10	0	5	0	8	0	11	0	5	0	4	0	9	0	1	0	8	0	7	0	6	0	8	0	5	1	5	0	8	0	13	0	11	0	5	0	9	0	11	0	5	0	9	0	11	0	7	0
XX	20	60216	7	0	8	0	10	0	9	0	6	0	2	0	5	0	5	0	7	0	6	0	7	0	7	0	5	0	5	0	3	0	3	0	0	0	2	0	3	0	5	0	10	0	8	0	2	0	4	0	4	0	4	0	7	0	5	0	0	0	8	0	5	0	6	1	7	0	2	0	7	0	5	0	5	0	6	0	11	0	10	0	11	0	6	0	3	0	10	0	11	0	9	0	9	0	5	0	6	0	7	0	4	0	2	0	8	0	2	0	8	0	4	0	9	0	9	0	5	0	4	0	6	0	7	0	4	0	8	0	7	0	4	0	6	0	10	0	3	0	4	0	6	0	6	0	5	0	6	0	2	0	7	0	12	0	10	0	5	0	8	0	12	0	5	0	4	0	9	0	1	0	9	0	7	0	6	0	8	0	4	0	6	0	7	0	13	0	11	0	5	0	9	0	9	1	5	0	8	0	11	0	7	0
XX	20	60217	7	0	8	0	10	0	10	0	7	0	2	0	5	0	5	0	8	0	6	0	7	0	6	0	5	0	5	0	4	0	3	0	1	0	2	0	3	0	5	0	10	0	8	0	2	0	5	0	7	0	4	0	7	0	5	0	0	1	7	0	5	0	8	0	6	0	3	0	7	0	5	0	4	0	6	0	12	0	11	0	12	0	5	0	4	0	10	0	11	0	10	0	10	0	5	0	6	0	7	0	4	0	4	0	9	0	3	0	8	0	4	0	8	0	8	0	6	0	4	0	6	0	6	0	5	0	8	0	7	0	4	0	6	0	10	0	3	0	4	0	6	0	6	0	5	0	7	0	2	0	7	0	11	0	10	0	5	0	7	0	12	0	4	0	4	0	9	0	1	0	9	0	8	0	6	0	8	0	6	0	6	0	8	0	14	0	11	0	5	0	9	0	11	0	5	0	9	0	12	0	7	0
XX	20	60220	7	0	8	0	9	0	10	0	5	0	2	0	5	0	5	0	8	0	7	0	6	0	6	0	5	0	5	0	4	0	4	0	1	0	2	0	3	0	5	0	10	0	7	0	2	0	5	0	4	0	4	0	8	0	5	0	0	0	7	0	7	0	6	0	7	0	3	0	6	0	4	0	4	0	6	0	9	0	11	0	12	0	5	0	5	0	9	0	9	0	9	0	11	0	5	0	6	0	7	0	3	0	3	0	9	0	3	0	8	0	4	0	8	0	8	0	6	0	4	0	6	0	5	0	5	0	8	0	7	0	3	0	5	0	10	0	3	0	4	0	7	0	6	0	4	0	7	0	2	0	7	0	12	0	10	0	5	0	7	0	12	0	4	0	3	0	9	0	1	0	8	0	8	0	7	0	7	0	4	0	7	0	8	0	13	0	11	0	5	0	9	0	9	1	6	0	9	0	12	0	5	0
XX	20	60221	7	0	8	0	10	0	9	0	4	0	2	0	5	0	5	0	7	0	7	0	6	0	6	0	5	0	5	0	4	0	4	0	1	0	2	0	3	0	5	0	10	0	8	0	2	0	5	0	6	0	4	0	10	0	5	0	0	0	7	0	6	0	8	0	6	0	2	0	7	0	3	0	4	0	6	0	12	0	10	0	12	0	5	0	3	0	10	0	9	0	9	0	11	0	5	0	5	0	7	0	4	0	4	0	7	0	3	0	8	0	4	0	8	0	9	0	6	0	4	0	6	0	5	0	4	0	7	0	7	0	4	0	5	0	10	0	3	0	4	0	7	0	6	0	4	0	7	0	3	0	7	0	11	0	9	0	5	0	6	0	11	0	4	0	3	0	10	0	1	0	8	0	8	0	7	0	8	0	4	1	7	0	8	0	15	0	11	0	5	0	9	0	9	0	5	0	8	0	13	0	6	0
XX	20	60223	7	0	8	0	9	0	9	0	5	0	2	0	5	0	5	0	7	0	8	0	6	0	5	0	4	0	5	0	3	0	4	0	2	0	2	0	2	0	5	0	11	0	8	0	2	0	5	0	5	0	3	0	9	0	4	0	0	0	7	0	7	0	7	0	7	0	3	0	7	0	6	0	4	0	6	0	13	0	11	0	13	0	5	0	3	0	7	1	10	0	11	0	11	0	5	0	5	0	7	0	3	0	1	1	7	0	3	0	9	0	4	0	7	0	8	0	6	0	5	0	5	0	5	0	4	0	8	0	6	0	5	0	5	0	9	0	3	0	4	0	7	0	6	0	4	0	7	0	2	0	7	0	12	0	10	0	5	0	7	0	12	0	4	0	3	0	10	0	1	0	9	0	8	0	8	0	7	0	6	0	8	0	8	0	15	0	9	0	5	0	9	0	10	0	5	0	9	0	13	0	6	0
XX	20	60224	7	0	8	0	9	0	9	0	5	0	2	0	4	0	5	0	6	0	8	0	6	0	5	0	3	0	5	0	3	0	4	0	2	0	2	0	2	0	5	0	10	0	8	0	2	0	4	0	4	0	2	0	10	0	3	0	0	0	7	0	8	0	7	0	8	0	2	0	7	0	7	0	4	0	6	0	12	0	11	0	13	0	5	0	6	0	10	0	9	0	12	0	13	0	5	0	5	0	7	0	3	0	2	0	9	0	3	0	9	0	4	0	7	0	9	0	6	0	5	0	6	0	5	0	4	0	7	0	6	0	5	0	5	0	9	0	3	0	4	0	7	0	6	0	4	0	7	0	2	0	7	0	12	0	10	0	5	0	7	0	12	0	4	0	3	0	10	0	2	0	8	0	8	0	8	0	9	0	5	0	8	0	8	0	15	0	10	0	5	0	9	0	10	1	5	0	7	0	13	0	6	0
XX	20	60225	7	0	8	0	9	0	9	0	4	0	1	0	4	0	5	0	6	0	7	0	6	0	4	0	3	0	5	0	3	0	4	0	2	0	2	0	2	0	5	0	9	1	8	0	1	0	4	0	4	0	3	0	9	0	2	0	0	0	7	0	8	0	7	0	5	0	2	0	6	1	8	0	4	0	6	0	12	0	10	1	13	0	6	0	5	0	9	1	9	0	12	0	13	0	5	0	5	0	7	0	2	0	3	0	8	0	4	0	9	0	3	0	7	0	8	0	7	0	5	0	6	0	5	0	4	0	7	0	6	0	5	0	5	0	9	0	3	0	4	0	7	0	6	0	4	0	6	0	2	0	8	0	12	0	10	0	5	0	6	0	12	0	4	0	3	0	10	0	2	0	8	0	8	0	8	0	9	0	5	0	8	0	8	0	15	0	11	0	4	0	9	0	8	1	6	0	8	0	13	0	5	0
